$ 1 0.000005 10.20027730826997 50 5 43 5e-11
155 240 384 256 384 0 0
155 240 272 256 272 0 0
155 240 160 256 160 0 0
s -480 576 -352 576 0 1 false
R -480 576 -528 576 0 0 40 5 0 0 0.5
w 192 576 192 304 0
w 240 304 192 304 0
w 240 192 192 192 0
w 336 160 400 160 0
w 336 272 400 272 0
x -163 542 -117 545 4 24 CLK
x 337 313 366 316 4 24 S0
152 48 432 128 432 0 3 0 5
w 336 224 416 224 0
w 400 272 432 272 0
w 432 272 432 80 0
w 336 336 448 336 0
w 448 336 448 64 0
w 400 160 400 112 0
w 400 112 -176 112 0
w -176 112 -176 176 0
w 416 224 416 96 0
w 416 96 -192 96 0
w -192 96 -192 224 0
w 432 80 -208 80 0
w -208 80 -208 208 0
w 448 64 -224 64 0
w -224 64 -224 144 0
150 -48 368 32 368 0 2 0 5
150 -48 432 32 432 0 3 0 5
150 -48 496 32 496 0 2 0 5
w 32 368 32 416 0
w 32 416 48 416 0
w 32 432 48 432 0
w 32 496 32 448 0
w 32 448 48 448 0
w 32 240 48 240 0
w 32 288 32 240 0
w 32 224 48 224 0
w 32 208 48 208 0
w 32 160 32 208 0
150 -48 288 32 288 0 2 0 5
150 -48 224 32 224 0 3 0 5
150 -48 160 32 160 0 2 0 5
152 48 224 128 224 0 3 0 5
w 128 432 128 272 0
w 128 272 240 272 0
w 128 224 128 160 0
w 128 160 240 160 0
w 192 304 192 192 0
I -352 576 -288 576 0 0.5 5
w -352 576 -352 608 0
w -352 608 -144 608 0
w -288 576 -160 576 0
w -160 576 -160 448 0
w -144 608 -144 576 0
w -48 512 -144 512 0
w -48 480 -192 480 0
w -48 448 -160 448 0
w -48 432 -176 432 0
w -48 416 -224 416 0
w -48 384 -144 384 0
w -48 352 -208 352 0
w -48 304 -144 304 0
w -48 272 -176 272 0
w -48 240 -160 240 0
w -48 224 -192 224 0
w -48 208 -208 208 0
w -48 176 -176 176 0
w -48 144 -224 144 0
w -144 512 -144 384 0
w -144 384 -144 304 0
w -144 304 -144 128 0
w -160 448 -160 240 0
w -160 240 -160 128 0
w -176 176 -176 272 0
w -176 272 -176 432 0
w -176 432 -176 512 0
w -192 224 -192 480 0
w -192 480 -192 512 0
w -208 208 -208 352 0
w -208 352 -208 512 0
w -224 144 -224 416 0
w -224 416 -224 512 0
w -144 576 -144 512 0
R 64 608 16 608 0 0 40 5 0 0 0.5
s 64 608 192 608 0 1 false
w 192 576 192 608 0
155 1008 48 1024 48 4 0
w 1120 80 1120 144 0
w 1120 144 992 144 0
w 992 144 992 48 0
w 992 48 1008 48 0
w 1104 80 1120 80 0
w 1104 48 1136 48 0
w 1136 48 1136 80 0
w 1136 80 1168 80 0
w 1296 80 1328 80 0
w 1296 48 1296 80 0
w 1264 48 1296 48 0
w 1264 80 1280 80 0
w 1152 48 1168 48 0
w 1152 144 1152 48 0
w 1280 144 1152 144 0
w 1280 80 1280 144 0
155 1168 48 1184 48 6 0
s 752 64 880 64 0 1 false
R 752 64 704 64 0 0 40 5 0 0 0.5
w 960 80 1008 80 0
w 1136 80 1136 192 0
w 1296 80 1296 224 0
w 1136 192 992 192 0
w 1296 224 992 224 0
152 992 208 912 208 0 2 0 5
w 912 208 880 208 0
w 1008 160 1008 112 0
w 1168 160 1168 112 0
150 880 80 960 80 0 2 0 5
w 880 208 880 96 0
R 848 288 800 288 0 0 40 5 0 0 0.5
s 848 288 976 288 0 1 false
w 976 288 1008 288 0
w 1008 288 1008 160 0
w 1008 160 1168 160 0
w 1104 112 1104 176 0
w 1104 176 1264 176 0
w 1264 112 1264 176 0
g 1104 176 1088 176 0 0
