$ 1 0.000005 10.20027730826997 50 5 43 5e-11
155 240 384 256 384 0 0
155 240 272 256 272 0 0
155 240 160 256 160 0 0
w 192 848 192 304 0
w 240 304 192 304 0
w 240 192 192 192 0
w 336 160 400 160 0
w 336 272 400 272 0
x -163 542 -117 545 4 24 CLK
x 337 313 366 316 4 24 S0
152 48 432 128 432 0 3 0 5
w 336 224 416 224 0
w 400 272 432 272 0
w 432 272 432 80 0
w 336 336 448 336 0
w 448 336 448 64 0
w 400 160 400 112 0
w 400 112 -176 112 0
w -176 112 -176 176 0
w 416 224 416 96 0
w 416 96 -192 96 0
w -192 96 -192 224 0
w 432 80 -208 80 0
w -208 80 -208 208 0
w 448 64 -224 64 0
w -224 64 -224 144 0
150 -48 368 32 368 0 2 0 5
150 -48 432 32 432 0 3 0 5
150 -48 496 32 496 0 2 0 5
w 32 368 32 416 0
w 32 416 48 416 0
w 32 432 48 432 0
w 32 496 32 448 0
w 32 448 48 448 0
w 32 240 48 240 0
w 32 288 32 240 0
w 32 224 48 224 0
w 32 208 48 208 0
w 32 160 32 208 0
150 -48 288 32 288 0 2 0 5
150 -48 224 32 224 0 3 0 5
150 -48 160 32 160 0 2 0 5
152 48 224 128 224 0 3 0 5
w 128 432 128 272 0
w 128 272 240 272 0
w 128 224 128 160 0
w 128 160 240 160 0
w 192 304 192 192 0
I -352 704 -288 704 0 0.5 5
w -352 736 -144 736 0
w -288 704 -160 704 0
w -160 704 -160 624 0
w -144 736 -144 576 0
w -48 512 -144 512 0
w -48 480 -192 480 0
w -48 448 -160 448 0
w -48 432 -176 432 0
w -48 416 -224 416 0
w -48 384 -144 384 0
w -48 352 -208 352 0
w -48 304 -144 304 0
w -48 272 -176 272 0
w -48 240 -160 240 0
w -48 224 -192 224 0
w -48 208 -208 208 0
w -48 176 -176 176 0
w -48 144 -224 144 0
w -144 512 -144 384 0
w -144 384 -144 304 0
w -144 304 -144 128 0
w -160 448 -160 240 0
w -160 240 -160 128 0
w -176 176 -176 272 0
w -176 272 -176 432 0
w -176 432 -176 608 0
w -192 224 -192 480 0
w -192 480 -192 672 0
w -208 208 -208 352 0
w -208 352 -208 576 0
w -224 144 -224 416 0
w -224 416 -224 672 0
w -144 576 -144 512 0
155 784 144 800 144 4 0
w 896 176 896 240 0
w 896 240 768 240 0
w 768 240 768 144 0
w 768 144 784 144 0
w 880 176 896 176 0
w 880 144 912 144 0
w 912 144 912 176 0
w 912 176 944 176 0
w 1072 176 1104 176 0
w 1072 144 1072 176 0
w 1040 144 1072 144 0
w 1040 176 1056 176 0
w 928 144 944 144 0
w 928 240 928 144 0
w 1056 240 928 240 0
w 1056 176 1056 240 0
155 944 144 960 144 6 0
w 736 176 784 176 0
w 912 176 912 288 0
w 1072 176 1072 320 0
w 912 288 768 288 0
w 1072 320 768 320 0
152 768 304 688 304 0 2 0 5
w 688 304 656 304 0
w 784 256 784 208 0
w 944 256 944 208 0
150 656 176 736 176 0 2 0 5
w 656 304 656 192 0
w 336 384 784 384 0
w 784 384 784 256 0
w 784 256 944 256 0
w 880 208 880 272 0
w 880 272 1040 272 0
w 1040 208 1040 272 0
g 880 272 864 272 0 0
x 336 200 365 203 4 24 S1
x 339 424 353 427 4 24 T
w 48 816 176 816 0
w -16 848 192 848 0
w -16 816 -16 848 0
I -16 816 48 816 0 0.5 5
R -144 816 -192 816 0 0 40 5 0 0 0.5
s -144 816 -16 816 0 0 false
w 176 816 176 496 0
w 176 416 240 416 0
x 793 106 929 109 4 24 Ripple\sTimer
w 656 160 512 160 0
w 176 496 512 496 0
w 512 160 512 496 0
w 176 496 176 416 0
w 240 384 160 384 0
w 160 384 160 576 0
w 656 304 592 304 0
w 592 304 592 864 0
w 592 864 -352 864 0
w -352 864 -352 736 0
w -352 736 -352 704 0
I 1120 576 1184 576 0 0.5 5
150 32 608 112 608 0 2 0 5
152 -48 592 32 592 0 2 0 5
w 32 624 -160 624 0
w -160 624 -160 448 0
w -48 608 -176 608 0
w -48 576 -208 576 0
w 112 608 80 672 0
w 160 688 160 576 0
s -48 704 80 704 0 1 false
R -48 704 -96 704 0 0 40 5 0 0 0.5
w -176 608 -176 672 0
w -208 576 -208 672 0
152 1200 592 1280 592 0 2 0 5
152 80 688 160 688 0 2 0 5
